Modified Gram-Schmidt QR Factorization Test

 Hilbert           4 x           4
 A
   1.0000000000000000       0.50000000000000000       0.33333333333333331       0.25000000000000000      /
  0.50000000000000000       0.33333333333333331       0.25000000000000000       0.20000000000000001      /
  0.33333333333333331       0.25000000000000000       0.20000000000000001       0.16666666666666666      /
  0.25000000000000000       0.20000000000000001       0.16666666666666666       0.14285714285714285      /
 Q
  0.83811635492349379      -0.52264837395565600       0.15397276151570088       -2.6306682087984090E-002 /
  0.41905817746174689       0.44171332392052864      -0.72775380736535222       0.31568018505891099      /
  0.27937211830783126       0.52882138624647157       0.13950552217866113      -0.78920046264691746      /
  0.20952908873087345       0.50207166631960720       0.65360920576298664       0.52613364176469934      /
 R
   1.1931517552730295       0.67049308393879503       0.47493260112331315       0.36983547090274804      /
   0.0000000000000000       0.11853326748788719       0.12565509463080876       0.11754199276288066      /
   0.0000000000000000        0.0000000000000000        6.2217740601285430E-003   9.5660929493938847E-003 /
   0.0000000000000000        0.0000000000000000        0.0000000000000000        1.8790487205883155E-004 /
 QTQ
  0.99999999999999989        5.2735593669694936E-016  -6.8556271770603416E-015   2.8532731732866523E-013 /
   5.2735593669694936E-016   1.0000000000000000        2.3314683517128287E-015  -2.1260770921571748E-014 /
  -6.8556271770603416E-015   2.3314683517128287E-015   1.0000000000000002       -1.0269562977782698E-014 /
   2.8532731732866523E-013  -2.1260770921571748E-014  -1.0269562977782698E-014   1.0000000000000000      /
 A = QR
   1.0000000000000000       0.50000000000000000       0.33333333333333331       0.25000000000000000      /
  0.50000000000000000       0.33333333333333331       0.25000000000000000       0.20000000000000001      /
  0.33333333333333331       0.25000000000000000       0.20000000000000001       0.16666666666666663      /
  0.25000000000000000       0.20000000000000001       0.16666666666666666       0.14285714285714285      /
 Hilbert           6 x           6
 A
   1.0000000000000000       0.50000000000000000       0.33333333333333331       0.25000000000000000       0.20000000000000001       0.16666666666666666      /
  0.50000000000000000       0.33333333333333331       0.25000000000000000       0.20000000000000001       0.16666666666666666       0.14285714285714285      /
  0.33333333333333331       0.25000000000000000       0.20000000000000001       0.16666666666666666       0.14285714285714285       0.12500000000000000      /
  0.25000000000000000       0.20000000000000001       0.16666666666666666       0.14285714285714285       0.12500000000000000       0.11111111111111110      /
  0.20000000000000001       0.16666666666666666       0.14285714285714285       0.12500000000000000       0.11111111111111110       0.10000000000000001      /
  0.16666666666666666       0.14285714285714285       0.12500000000000000       0.11111111111111110       0.10000000000000001        9.0909090909090912E-002 /
 Q
  0.81885036774322384      -0.53968050632873588       0.18926053681348351       -4.8236093936907379E-002   9.0296062316988657E-003  -1.1049857623862097E-003 /
  0.40942518387161192       0.33198790152534996      -0.70241698104238470       0.44892647284513154      -0.16165260401291012        3.3149576119777598E-002 /
  0.27295012258107459       0.42193465258013951      -0.15293340631966856      -0.57232255552146138       0.58539031431236876      -0.23204703204225260      /
  0.20471259193580596       0.40672521263856232       0.20151310598660060      -0.38664006489979419      -0.46868501059916329       0.61879208572593736      /
  0.16377007354864478       0.37352642248602713       0.39626058927476238        9.1516949454165775E-002 -0.42854071219861134      -0.69614109631534626      /
  0.13647506129053730       0.33993050229500926       0.49977216877602187       0.55742201413185100       0.47727591659791602       0.27845643859271391      /
 R
   1.2212243401148246       0.70187174377990613       0.50447031584180746       0.39696912669033274       0.32843373380812046       0.28061281325180298      /
   0.0000000000000000       0.13846699042569244       0.15113016951242728       0.14436435624639485       0.13400823223626646       0.12366902907046441      /
   0.0000000000000000        0.0000000000000000        9.5616134520786194E-003   1.5193238145587208E-002   1.8130290537849203E-002   1.9531701568423970E-002 /
   0.0000000000000000        0.0000000000000000        0.0000000000000000        4.8028154203860963E-004   9.9423818577297463E-004   1.4191011257462225E-003 /
   0.0000000000000000        0.0000000000000000        0.0000000000000000        0.0000000000000000        1.7338981390014060E-005   4.4030697360262293E-005 /
   0.0000000000000000        0.0000000000000000        0.0000000000000000        0.0000000000000000        0.0000000000000000        3.9862405022028720E-007 /
 QTQ
  0.99999999999999989       -1.5959455978986625E-016   6.4531713306337224E-015  -2.4751034555237084E-013   5.0546927754524518E-012   1.7792454315435080E-010 /
  -1.5959455978986625E-016   1.0000000000000004       -5.1625370645069779E-015   1.2609358002180215E-013  -3.4311997687552775E-012   7.3059933103358787E-011 /
   6.4531713306337224E-015  -5.1625370645069779E-015   1.0000000000000000       -1.8873791418627661E-015   1.3808398868775384E-013  -7.4683870199265812E-012 /
  -2.4751034555237084E-013   1.2609358002180215E-013  -1.8873791418627661E-015  0.99999999999999989        5.9396931817445875E-015  -2.9304336734981007E-013 /
   5.0546927754524518E-012  -3.4311997687552775E-012   1.3808398868775384E-013   5.9396931817445875E-015   1.0000000000000000        1.1379786002407855E-014 /
   1.7792454315435080E-010   7.3059933103358787E-011  -7.4683870199265812E-012  -2.9304336734981007E-013   1.1379786002407855E-014   1.0000000000000000      /
 A = QR
   1.0000000000000000       0.50000000000000000       0.33333333333333331       0.24999999999999997       0.19999999999999998       0.16666666666666663      /
  0.50000000000000000       0.33333333333333331       0.25000000000000000       0.20000000000000001       0.16666666666666666       0.14285714285714282      /
  0.33333333333333331       0.25000000000000000       0.20000000000000001       0.16666666666666669       0.14285714285714285       0.12500000000000000      /
  0.25000000000000000       0.20000000000000001       0.16666666666666666       0.14285714285714285       0.12500000000000000       0.11111111111111110      /
  0.20000000000000001       0.16666666666666666       0.14285714285714285       0.12500000000000000       0.11111111111111110       0.10000000000000001      /
  0.16666666666666666       0.14285714285714285       0.12500000000000000       0.11111111111111110        9.9999999999999992E-002   9.0909090909090912E-002 /
 Hilbert           8 x           8
 A
   1.0000000000000000       0.50000000000000000       0.33333333333333331       0.25000000000000000       0.20000000000000001       0.16666666666666666       0.14285714285714285       0.12500000000000000      /
  0.50000000000000000       0.33333333333333331       0.25000000000000000       0.20000000000000001       0.16666666666666666       0.14285714285714285       0.12500000000000000       0.11111111111111110      /
  0.33333333333333331       0.25000000000000000       0.20000000000000001       0.16666666666666666       0.14285714285714285       0.12500000000000000       0.11111111111111110       0.10000000000000001      /
  0.25000000000000000       0.20000000000000001       0.16666666666666666       0.14285714285714285       0.12500000000000000       0.11111111111111110       0.10000000000000001        9.0909090909090912E-002 /
  0.20000000000000001       0.16666666666666666       0.14285714285714285       0.12500000000000000       0.11111111111111110       0.10000000000000001        9.0909090909090912E-002   8.3333333333333329E-002 /
  0.16666666666666666       0.14285714285714285       0.12500000000000000       0.11111111111111110       0.10000000000000001        9.0909090909090912E-002   8.3333333333333329E-002   7.6923076923076927E-002 /
  0.14285714285714285       0.12500000000000000       0.11111111111111110       0.10000000000000001        9.0909090909090912E-002   8.3333333333333329E-002   7.6923076923076927E-002   7.1428571428571425E-002 /
  0.12500000000000000       0.11111111111111110       0.10000000000000001        9.0909090909090912E-002   8.3333333333333329E-002   7.6923076923076927E-002   7.1428571428571425E-002   6.6666666666666666E-002 /
 Q
  0.80913403925421179      -0.54665475992428625       0.20639227283778777       -6.0475279926154146E-002   1.4414256481094271E-002  -2.7762042236672887E-003   4.1279284303113301E-004  -4.1880122326042130E-005 /
  0.40456701962710589       0.28253004593566172      -0.67656985422180094       0.49335545609245046      -0.22360673105196616        7.1347144857423800E-002  -1.6129902030255196E-002   2.3166023315548527E-003 /
  0.26971134641807054       0.37363917258970986      -0.24128994356689770      -0.42736773757629759       0.61350550552058614      -0.38544418028834182       0.14439935697392980       -3.1275287574150122E-002 /
  0.20228350981355295       0.36360799332695298        5.4326610824624470E-002 -0.45186674385677900      -0.11089584462354089       0.59201550487082844      -0.47619936688513176       0.17375152529864865      /
  0.16182680785084236       0.33535498873338671       0.22262901541706501      -0.21243804794730267      -0.44813384429478581        7.5770536747518991E-002  0.57600487741451223      -0.47781666493809627      /
  0.13485567320903527       0.30593189184438452       0.31613483095795070        5.7940644838437631E-002 -0.33596776416269647      -0.44276935858318350        5.0805034586081960E-002  0.68805603096136636      /
  0.11559057703631595       0.27924337951654815       0.36691829998376591       0.29321541457211064        2.9151232706231503E-002 -0.33177693985755996      -0.57462433836359561      -0.49692932749164648      /
  0.10114175490677647       0.25591832011651711       0.39287312945475872       0.48130455561339047       0.49654535548357992       0.42894112244545984       0.29591678553586331       0.14197982915564539      /
 R
   1.2358891747054810       0.71923025711485489       0.52144193640826975       0.41301252643413638       0.34347331312786111       0.29469579608393104       0.25842322751842206       0.23031252469474778      /
   0.0000000000000000       0.14991853927063351       0.16651164110896730       0.16116095948364323       0.15115255587582918       0.14066188849250788       0.13084026301277124       0.12196622024679028      /
   0.0000000000000000        0.0000000000000000        1.1828419020862801E-002   1.9192339469630854E-002   2.3283323520558719E-002   2.5420889553489864E-002   2.6406467632286785E-002   2.6704868137158975E-002 /
   0.0000000000000000        0.0000000000000000        0.0000000000000000        7.3151748626238149E-004   1.5494731232002924E-003   2.2533261583470650E-003   2.8078937232042579E-003   3.2270248302776619E-003 /
   0.0000000000000000        0.0000000000000000        0.0000000000000000        0.0000000000000000        3.6191759829704099E-005   9.4142557488828682E-005   1.5920588072037081E-004   2.2279326762683925E-004 /
   0.0000000000000000        0.0000000000000000        0.0000000000000000        0.0000000000000000        0.0000000000000000        1.4130347368887297E-006   4.3444747590367097E-006   8.3603057258294313E-006 /
   0.0000000000000000        0.0000000000000000        0.0000000000000000        0.0000000000000000        0.0000000000000000        0.0000000000000000        4.1542549320332398E-008   1.4707380304843965E-007 /
   0.0000000000000000        0.0000000000000000        0.0000000000000000        0.0000000000000000        0.0000000000000000        0.0000000000000000        0.0000000000000000        8.0360156404909761E-010 /
 QTQ
   1.0000000000000002       -7.1470607210244452E-016   6.4462324367298152E-015  -1.2859158182720876E-013   3.2134642169445726E-012  -1.1541780031709692E-010   5.9409562477852340E-009  -4.4227286846547365E-007 /
  -7.1470607210244452E-016  0.99999999999999989        4.0661918276896358E-015  -3.2557290197132716E-014  -2.8554936193359026E-013   3.8266445567813889E-011  -3.1151284329844486E-009   2.7014929235291696E-007 /
   6.4462324367298152E-015   4.0661918276896358E-015  0.99999999999999989        1.9706458687096529E-015   2.1788126858268697E-014  -4.3889614165237845E-012   3.2817357165093597E-010  -2.4049438378248578E-008 /
  -1.2859158182720876E-013  -3.2557290197132716E-014   1.9706458687096529E-015   1.0000000000000000       -1.9984014443252818E-015   2.0472512574087887E-013  -2.8705759991254354E-011   3.5270904669149061E-009 /
   3.2134642169445726E-012  -2.8554936193359026E-013   2.1788126858268697E-014  -1.9984014443252818E-015  0.99999999999999978        2.2898349882893854E-014  -1.0972334152370422E-012   4.9967266435579916E-011 /
  -1.1541780031709692E-010   3.8266445567813889E-011  -4.3889614165237845E-012   2.0472512574087887E-013   2.2898349882893854E-014   1.0000000000000000       -8.1878948066105295E-015  -7.7958473010397711E-014 /
   5.9409562477852340E-009  -3.1151284329844486E-009   3.2817357165093597E-010  -2.8705759991254354E-011  -1.0972334152370422E-012  -8.1878948066105295E-015   1.0000000000000000        8.4793283505746331E-015 /
  -4.4227286846547365E-007   2.7014929235291696E-007  -2.4049438378248578E-008   3.5270904669149061E-009   4.9967266435579916E-011  -7.7958473010397711E-014   8.4793283505746331E-015  0.99999999999999989      /
 A = QR
   1.0000000000000000       0.50000000000000000       0.33333333333333331       0.24999999999999997       0.19999999999999998       0.16666666666666666       0.14285714285714288       0.12499999999999999      /
  0.50000000000000000       0.33333333333333331       0.25000000000000000       0.20000000000000001       0.16666666666666666       0.14285714285714285       0.12500000000000003       0.11111111111111109      /
  0.33333333333333326       0.25000000000000000       0.20000000000000001       0.16666666666666669       0.14285714285714282       0.12500000000000003       0.11111111111111112       0.10000000000000002      /
  0.25000000000000000       0.20000000000000001       0.16666666666666666       0.14285714285714285       0.12500000000000000       0.11111111111111109       0.10000000000000002        9.0909090909090912E-002 /
  0.20000000000000001       0.16666666666666666       0.14285714285714285       0.12499999999999999       0.11111111111111109       0.10000000000000001        9.0909090909090912E-002   8.3333333333333343E-002 /
  0.16666666666666663       0.14285714285714285       0.12500000000000000       0.11111111111111110       0.10000000000000002        9.0909090909090925E-002   8.3333333333333315E-002   7.6923076923076913E-002 /
  0.14285714285714285       0.12500000000000000       0.11111111111111110       0.10000000000000001        9.0909090909090925E-002   8.3333333333333329E-002   7.6923076923076927E-002   7.1428571428571425E-002 /
  0.12500000000000000       0.11111111111111110       0.10000000000000001        9.0909090909090912E-002   8.3333333333333315E-002   7.6923076923076913E-002   7.1428571428571425E-002   6.6666666666666666E-002 /
 Hilbert          10 x          10
 A
   1.0000000000000000       0.50000000000000000       0.33333333333333331       0.25000000000000000       0.20000000000000001       0.16666666666666666       0.14285714285714285       0.12500000000000000       0.11111111111111110       0.10000000000000001      /
  0.50000000000000000       0.33333333333333331       0.25000000000000000       0.20000000000000001       0.16666666666666666       0.14285714285714285       0.12500000000000000       0.11111111111111110       0.10000000000000001        9.0909090909090912E-002 /
  0.33333333333333331       0.25000000000000000       0.20000000000000001       0.16666666666666666       0.14285714285714285       0.12500000000000000       0.11111111111111110       0.10000000000000001        9.0909090909090912E-002   8.3333333333333329E-002 /
  0.25000000000000000       0.20000000000000001       0.16666666666666666       0.14285714285714285       0.12500000000000000       0.11111111111111110       0.10000000000000001        9.0909090909090912E-002   8.3333333333333329E-002   7.6923076923076927E-002 /
  0.20000000000000001       0.16666666666666666       0.14285714285714285       0.12500000000000000       0.11111111111111110       0.10000000000000001        9.0909090909090912E-002   8.3333333333333329E-002   7.6923076923076927E-002   7.1428571428571425E-002 /
  0.16666666666666666       0.14285714285714285       0.12500000000000000       0.11111111111111110       0.10000000000000001        9.0909090909090912E-002   8.3333333333333329E-002   7.6923076923076927E-002   7.1428571428571425E-002   6.6666666666666666E-002 /
  0.14285714285714285       0.12500000000000000       0.11111111111111110       0.10000000000000001        9.0909090909090912E-002   8.3333333333333329E-002   7.6923076923076927E-002   7.1428571428571425E-002   6.6666666666666666E-002   6.2500000000000000E-002 /
  0.12500000000000000       0.11111111111111110       0.10000000000000001        9.0909090909090912E-002   8.3333333333333329E-002   7.6923076923076927E-002   7.1428571428571425E-002   6.6666666666666666E-002   6.2500000000000000E-002   5.8823529411764705E-002 /
  0.11111111111111110       0.10000000000000001        9.0909090909090912E-002   8.3333333333333329E-002   7.6923076923076927E-002   7.1428571428571425E-002   6.6666666666666666E-002   6.2500000000000000E-002   5.8823529411764705E-002   5.5555555555555552E-002 /
  0.10000000000000001        9.0909090909090912E-002   8.3333333333333329E-002   7.6923076923076927E-002   7.1428571428571425E-002   6.6666666666666666E-002   6.2500000000000000E-002   5.8823529411764705E-002   5.5555555555555552E-002   5.2631578947368418E-002 /
 Q
  0.80327951722075808      -0.55033030875097422       0.21648104642530702       -6.8283143670875832E-002   1.8267530640648174E-002  -4.1892042697024420E-003   8.1697734885683338E-004  -1.3223227533633100E-004   1.8892336078325198E-005  -7.2925720741398581E-005 /
  0.40163975861037904       0.25441718080738790      -0.65767861473006317       0.51361999009334802      -0.25922166686583226        9.7690173380930306E-002  -2.8746735528996377E-002   6.6179726617223399E-003  -1.1480398512431517E-003   1.8664497819302506E-004 /
  0.26775983907358603       0.34613889893255045      -0.28085420792720683      -0.33993648731852172       0.59765978928757391      -0.44989960840428445       0.21976516598169263       -7.6135158474011949E-002   1.8656014838869101E-002  -2.8192882040588858E-003 /
  0.20081987930518952       0.33904152447684416       -1.5850090731508403E-002 -0.44110143357018083        5.7402969561895972E-002  0.47106652268455607      -0.54812874494876040       0.32926093721437039      -0.12294507626020545        2.7063433438138541E-002 /
  0.16065590344415162       0.31359980639610519       0.13839732385730225      -0.29741762708034158      -0.31508258681056733       0.30961784191403213       0.28624339536607002      -0.56845800079450015       0.38819623277988324      -0.13153001570321887      /
  0.13387991953679301       0.28655137843403417       0.22632468517205365      -0.10801526763757899      -0.38628658475358546      -0.12882914929368841       0.40966008519741487       0.17625818769447185      -0.58018045864331136       0.36851635303800961      /
  0.11475421674582258       0.26182717136742345       0.27587888439593083        6.5812167116018658E-002 -0.26381165006770235      -0.37657341302367070       -2.6990694592856530E-002  0.43974705080181758       0.23496112991012913      -0.61405211778885782      /
  0.10040993965259476       0.24013174026280534       0.30285698411562717       0.20940417364820019       -4.6071658280942951E-002 -0.32887694951491347      -0.39675807222498066       -9.6318852130607688E-002  0.39726507450714055       0.60161260503713743      /
   8.9253279691195328E-002  0.22129610001409197       0.31624980474839820       0.32296912657728172       0.20562584221051136       -2.7463334179156706E-002 -0.30245658966743372      -0.49689649372243871      -0.50515676561124034      -0.31954466896615902      /
   8.0327951722075810E-002  0.20494375185104127       0.32131347890041045       0.41084021104804719       0.45769265521853381       0.45049281722790824       0.38865021243810172       0.28631188411660102       0.17035208660479986        7.1053565550825190E-002 /
 R
   1.2448966748957686       0.73025410656432543       0.53247695270315409       0.42364100412866323       0.35359144582956703       0.30429394378954050       0.26752411144303295       0.23894959272813099       0.21605380611298927       0.19726731769641129      /
   0.0000000000000000       0.15735670885728600       0.17681600934831684       0.17268331780575769       0.16314003200847121       0.15273272658652487       0.14279079364707256       0.13368610920243459       0.12547211679736567       0.11809457638606050      /
   0.0000000000000000        0.0000000000000000        1.3454816944182541E-002   2.2148971443950914E-002   2.7185616157780257E-002   2.9969661647275225E-002   3.1386477200961049E-002   3.1963598403755691E-002   3.2018709097251144E-002   3.1747436384860661E-002 /
   0.0000000000000000        0.0000000000000000        0.0000000000000000        9.3888739136448402E-004   2.0215190631392380E-003   2.9800278964334480E-003   3.7563650440128947E-003   4.3598357468996726E-003   4.8174366997657441E-003   5.1574090962955964E-003 /
   0.0000000000000000        0.0000000000000000        0.0000000000000000        0.0000000000000000        5.4924148744669181E-005   1.4540815777931427E-004   2.4960267605627485E-004   3.5380902909035129E-004   4.5091241266710538E-004   5.3782377075611257E-004 /
   0.0000000000000000        0.0000000000000000        0.0000000000000000        0.0000000000000000        0.0000000000000000        2.6984724590163217E-006   8.4507174880500081E-006   1.6522113188371428E-005   2.5989254452331409E-005   3.6073178638073597E-005 /
   0.0000000000000000        0.0000000000000000        0.0000000000000000        0.0000000000000000        0.0000000000000000        0.0000000000000000        1.1018979266133316E-007   3.9753336582992195E-007   8.7074051039476317E-007   1.5038171171126770E-006 /
   0.0000000000000000        0.0000000000000000        0.0000000000000000        0.0000000000000000        0.0000000000000000        0.0000000000000000        0.0000000000000000        3.6477312387962619E-009   1.4872017106216831E-008   3.6032022347533669E-008 /
   0.0000000000000000        0.0000000000000000        0.0000000000000000        0.0000000000000000        0.0000000000000000        0.0000000000000000        0.0000000000000000        0.0000000000000000        9.2843126951314438E-011   4.2158681662733198E-010 /
   0.0000000000000000        0.0000000000000000        0.0000000000000000        0.0000000000000000        0.0000000000000000        0.0000000000000000        0.0000000000000000        0.0000000000000000        0.0000000000000000        1.5812531528323805E-012 /
 QTQ
   1.0000000000000000        1.1553258350005535E-015  -1.7395807017095422E-014   2.1049828546892968E-013  -2.8199942381235132E-012   4.4265272003407574E-011  -3.4103582804978494E-010  -1.2622750431706686E-008   3.7558946764000567E-007   3.2226995170699969E-005 /
   1.1553258350005535E-015   1.0000000000000000       -1.6930901125533637E-015   6.2103100439969694E-014  -2.3964441542290160E-012   8.3389350979956589E-011  -2.6434168881594999E-009   8.3611728950161446E-008  -3.1031045670953938E-006   1.7721084066154441E-004 /
  -1.7395807017095422E-014  -1.6930901125533637E-015  0.99999999999999978        2.7755575615628914E-015  -1.3516965324811281E-014  -3.5120240049479889E-012   2.4640915696760857E-010  -1.1032657593057493E-008   3.7138633034866642E-007  -1.6478478071305092E-006 /
   2.1049828546892968E-013   6.2103100439969694E-014   2.7755575615628914E-015   1.0000000000000000       -2.4424906541753444E-015  -3.3861802251067274E-015   1.3454154457193113E-011  -1.3502456097658211E-009   1.0174848998067976E-007  -7.8544622167213418E-006 /
  -2.8199942381235132E-012  -2.3964441542290160E-012  -1.3516965324811281E-014  -2.4424906541753444E-015   1.0000000000000000       -8.2711615334574162E-015   7.7707285051076269E-013  -4.5998538311664561E-011   3.3630914858528982E-009  -4.0872885830739447E-007 /
   4.4265272003407574E-011   8.3389350979956589E-011  -3.5120240049479889E-012  -3.3861802251067274E-015  -8.2711615334574162E-015   1.0000000000000002        5.8564264548977008E-015  -1.0036693698367571E-012   8.6072815541626824E-011  -8.4661401361652011E-009 /
  -3.4103582804978494E-010  -2.6434168881594999E-009   2.4640915696760857E-010   1.3454154457193113E-011   7.7707285051076269E-013   5.8564264548977008E-015   1.0000000000000000       -8.1323836553792717E-015  -4.1855408028368402E-014   7.9974197403354097E-011 /
  -1.2622750431706686E-008   8.3611728950161446E-008  -1.1032657593057493E-008  -1.3502456097658211E-009  -4.5998538311664561E-011  -1.0036693698367571E-012  -8.1323836553792717E-015  0.99999999999999978        1.0248746296070976E-014   2.4527394004714154E-012 /
   3.7558946764000567E-007  -3.1031045670953938E-006   3.7138633034866642E-007   1.0174848998067976E-007   3.3630914858528982E-009   8.6072815541626824E-011  -4.1855408028368402E-014   1.0248746296070976E-014   1.0000000000000002       -2.7486693476852508E-014 /
   3.2226995170699969E-005   1.7721084066154441E-004  -1.6478478071305092E-006  -7.8544622167213418E-006  -4.0872885830739447E-007  -8.4661401361652011E-009   7.9974197403354097E-011   2.4527394004714154E-012  -2.7486693476852508E-014   1.0000000000000004      /
 A = QR
   1.0000000000000000       0.50000000000000000       0.33333333333333331       0.25000000000000000       0.20000000000000004       0.16666666666666666       0.14285714285714285       0.12500000000000003       0.11111111111111109       0.10000000000000002      /
  0.50000000000000000       0.33333333333333331       0.24999999999999997       0.20000000000000004       0.16666666666666666       0.14285714285714282       0.12500000000000003       0.11111111111111110       0.10000000000000001        9.0909090909090898E-002 /
  0.33333333333333337       0.25000000000000000       0.20000000000000001       0.16666666666666666       0.14285714285714285       0.12500000000000000       0.11111111111111110       0.10000000000000002        9.0909090909090898E-002   8.3333333333333315E-002 /
  0.25000000000000000       0.20000000000000001       0.16666666666666666       0.14285714285714285       0.12499999999999999       0.11111111111111109       0.10000000000000001        9.0909090909090898E-002   8.3333333333333315E-002   7.6923076923076913E-002 /
  0.20000000000000001       0.16666666666666666       0.14285714285714285       0.12500000000000000       0.11111111111111110       0.10000000000000002        9.0909090909090912E-002   8.3333333333333343E-002   7.6923076923076913E-002   7.1428571428571425E-002 /
  0.16666666666666669       0.14285714285714285       0.12500000000000000       0.11111111111111110       0.10000000000000001        9.0909090909090912E-002   8.3333333333333329E-002   7.6923076923076927E-002   7.1428571428571411E-002   6.6666666666666666E-002 /
  0.14285714285714285       0.12500000000000000       0.11111111111111110       0.10000000000000001        9.0909090909090912E-002   8.3333333333333329E-002   7.6923076923076941E-002   7.1428571428571411E-002   6.6666666666666666E-002   6.2500000000000000E-002 /
  0.12500000000000000       0.11111111111111110       0.10000000000000001        9.0909090909090912E-002   8.3333333333333329E-002   7.6923076923076927E-002   7.1428571428571425E-002   6.6666666666666666E-002   6.2500000000000014E-002   5.8823529411764698E-002 /
  0.11111111111111109       0.10000000000000001        9.0909090909090912E-002   8.3333333333333315E-002   7.6923076923076913E-002   7.1428571428571425E-002   6.6666666666666680E-002   6.2500000000000000E-002   5.8823529411764712E-002   5.5555555555555566E-002 /
  0.10000000000000001        9.0909090909090912E-002   8.3333333333333315E-002   7.6923076923076927E-002   7.1428571428571438E-002   6.6666666666666680E-002   6.2499999999999993E-002   5.8823529411764705E-002   5.5555555555555552E-002   5.2631578947368425E-002 /


