Classical Gram-Schmidt QR Factorization Test

Hilbert           4 x           4
 A
   1.0000000000000000       0.50000000000000000       0.33333333333333331       0.25000000000000000      /
  0.50000000000000000       0.33333333333333331       0.25000000000000000       0.20000000000000001      /
  0.33333333333333331       0.25000000000000000       0.20000000000000001       0.16666666666666666      /
  0.25000000000000000       0.20000000000000001       0.16666666666666666       0.14285714285714285      /
 Q
  0.83811635492349379      -0.52264837395565600       0.15397276151572545       -2.6306682083019620E-002 /
  0.41905817746174689       0.44171332392052864      -0.72775380736537121       0.31568018503294154      /
  0.27937211830783126       0.52882138624647157       0.13950552217863885      -0.78920046264131472      /
  0.20952908873087345       0.50207166631960720       0.65360920576296433       0.52613364178893307      /
 R
   1.1931517552730295       0.67049308393879503       0.47493260112331315       0.36983547090274804      /
   0.0000000000000000       0.11853326748788719       0.12565509463080904       0.11754199276288088      /
   0.0000000000000000        0.0000000000000000        6.2217740601285421E-003   9.5660929493870672E-003 /
   0.0000000000000000        0.0000000000000000        0.0000000000000000        1.8790487205883982E-004 /
 QTQ
  0.99999999999999989        5.2735593669694936E-016  -5.1347814888913490E-015   2.0633494912658534E-013 /
   5.2735593669694936E-016   1.0000000000000000       -4.1910919179599659E-014   1.0429435093328721E-012 /
  -5.1347814888913490E-015  -4.1910919179599659E-014   1.0000000000000000        3.6273706260914196E-011 /
   2.0633494912658534E-013   1.0429435093328721E-012   3.6273706260914196E-011  0.99999999999999978      /
 A = QR
   1.0000000000000000       0.50000000000000000       0.33333333333333337       0.25000000000000000      /
  0.50000000000000000       0.33333333333333331       0.25000000000000000       0.20000000000000004      /
  0.33333333333333331       0.25000000000000000       0.20000000000000001       0.16666666666666666      /
  0.25000000000000000       0.20000000000000001       0.16666666666666666       0.14285714285714288      /
 Hilbert           6 x           6
 A
   1.0000000000000000       0.50000000000000000       0.33333333333333331       0.25000000000000000       0.20000000000000001       0.16666666666666666      /
  0.50000000000000000       0.33333333333333331       0.25000000000000000       0.20000000000000001       0.16666666666666666       0.14285714285714285      /
  0.33333333333333331       0.25000000000000000       0.20000000000000001       0.16666666666666666       0.14285714285714285       0.12500000000000000      /
  0.25000000000000000       0.20000000000000001       0.16666666666666666       0.14285714285714285       0.12500000000000000       0.11111111111111110      /
  0.20000000000000001       0.16666666666666666       0.14285714285714285       0.12500000000000000       0.11111111111111110       0.10000000000000001      /
  0.16666666666666666       0.14285714285714285       0.12500000000000000       0.11111111111111110       0.10000000000000001        9.0909090909090912E-002 /
 Q
  0.81885036774322384      -0.53968050632873588       0.18926053681347779       -4.8236093937804737E-002   9.0296057573640079E-003  -1.1054077939570955E-003 /
  0.40942518387161192       0.33198790152534996      -0.70241698104238204       0.44892647284896320      -0.16165259943844729        3.3157412404893997E-002 /
  0.27295012258107459       0.42193465258013951      -0.15293340631966570      -0.57232255552068334       0.58539030828912908      -0.23207614122690642      /
  0.20471259193580596       0.40672521263856232       0.20151310598660432      -0.38664006490100539      -0.46868501461032158       0.61881598989745767      /
  0.16377007354864478       0.37352642248602713       0.39626058927476543        9.1516949451888027E-002 -0.42854071116314119      -0.69611955506158596      /
  0.13647506129053730       0.33993050229500926       0.49977216877602493       0.55742201412902026       0.47727592253468010       0.27843197456028435      /
 R
   1.2212243401148246       0.70187174377990613       0.50447031584180746       0.39696912669033274       0.32843373380812046       0.28061281325180298      /
   0.0000000000000000       0.13846699042569244       0.15113016951242719       0.14436435624639482       0.13400823223626640       0.12366902907046437      /
   0.0000000000000000        0.0000000000000000        9.5616134520786159E-003   1.5193238145589871E-002   1.8130290537851465E-002   1.9531701568425951E-002 /
   0.0000000000000000        0.0000000000000000        0.0000000000000000        4.8028154203860252E-004   9.9423818559127991E-004   1.4191011255676941E-003 /
   0.0000000000000000        0.0000000000000000        0.0000000000000000        0.0000000000000000        1.7338981389997177E-005   4.4030717459557500E-005 /
   0.0000000000000000        0.0000000000000000        0.0000000000000000        0.0000000000000000        0.0000000000000000        3.9862405072051760E-007 /
 QTQ
  0.99999999999999989       -1.5959455978986625E-016   5.3429483060085659E-015  -2.0848600623679658E-013   4.1664033334498640E-012   1.8147010977243028E-010 /
  -1.5959455978986625E-016   1.0000000000000004        3.7192471324942744E-015  -9.4924068605450884E-014   3.2343017153380060E-012  -2.0072482564970073E-010 /
   5.3429483060085659E-015   3.7192471324942744E-015   1.0000000000000000       -5.5430660061972503E-012   1.8738346985180954E-010  -5.9431457810621424E-009 /
  -2.0848600623679658E-013  -9.4924068605450884E-014  -5.5430660061972503E-012   1.0000000000000000        1.0478660661394912E-008  -7.0959518252977638E-007 /
   4.1664033334498640E-012   3.2343017153380060E-012   1.8738346985180954E-010   1.0478660661394912E-008   1.0000000000000002       -5.0421725971278031E-005 /
   1.8147010977243028E-010  -2.0072482564970073E-010  -5.9431457810621424E-009  -7.0959518252977638E-007  -5.0421725971278031E-005  0.99999999999999989      /
 A = QR
   1.0000000000000000       0.50000000000000000       0.33333333333333331       0.24999999999999997       0.20000000000000001       0.16666666666666666      /
  0.50000000000000000       0.33333333333333331       0.25000000000000000       0.20000000000000001       0.16666666666666666       0.14285714285714288      /
  0.33333333333333331       0.25000000000000000       0.20000000000000001       0.16666666666666666       0.14285714285714282       0.12499999999999999      /
  0.25000000000000000       0.20000000000000001       0.16666666666666666       0.14285714285714285       0.12499999999999999       0.11111111111111110      /
  0.20000000000000001       0.16666666666666666       0.14285714285714285       0.12500000000000000       0.11111111111111110        9.9999999999999992E-002 /
  0.16666666666666666       0.14285714285714285       0.12500000000000000       0.11111111111111110       0.10000000000000001        9.0909090909090912E-002 /
 Hilbert 8 x 8
 A
   1.0000000000000000       0.50000000000000000       0.33333333333333331       0.25000000000000000       0.20000000000000001       0.16666666666666666       0.14285714285714285       0.12500000000000000      /
  0.50000000000000000       0.33333333333333331       0.25000000000000000       0.20000000000000001       0.16666666666666666       0.14285714285714285       0.12500000000000000       0.11111111111111110      /
  0.33333333333333331       0.25000000000000000       0.20000000000000001       0.16666666666666666       0.14285714285714285       0.12500000000000000       0.11111111111111110       0.10000000000000001      /
  0.25000000000000000       0.20000000000000001       0.16666666666666666       0.14285714285714285       0.12500000000000000       0.11111111111111110       0.10000000000000001        9.0909090909090912E-002 /
  0.20000000000000001       0.16666666666666666       0.14285714285714285       0.12500000000000000       0.11111111111111110       0.10000000000000001        9.0909090909090912E-002   8.3333333333333329E-002 /
  0.16666666666666666       0.14285714285714285       0.12500000000000000       0.11111111111111110       0.10000000000000001        9.0909090909090912E-002   8.3333333333333329E-002   7.6923076923076927E-002 /
  0.14285714285714285       0.12500000000000000       0.11111111111111110       0.10000000000000001        9.0909090909090912E-002   8.3333333333333329E-002   7.6923076923076927E-002   7.1428571428571425E-002 /
  0.12500000000000000       0.11111111111111110       0.10000000000000001        9.0909090909090912E-002   8.3333333333333329E-002   7.6923076923076927E-002   7.1428571428571425E-002   6.6666666666666666E-002 /
 Q
  0.80913403925421179      -0.54665475992428625       0.20639227283777020       -6.0475279928341549E-002   1.4414255873259500E-002  -2.7765246540883055E-003   8.3289585043065434E-005  -6.1466896671376049E-005 /
  0.40456701962710589       0.28253004593566172      -0.67656985422179172       0.49335545610031939      -0.22360672582665989        7.1352298643218084E-002  -7.4080013546586054E-003   6.8353966924061000E-003 /
  0.26971134641807054       0.37363917258970986      -0.24128994356688543      -0.42736773757362351       0.61350550075753163      -0.38545871760940115        9.5951227914573736E-002  -9.2781126360022712E-002 /
  0.20228350981355295       0.36360799332695298        5.4326610824636211E-002 -0.45186674385759495      -0.11089584956980002       0.59201836572179567      -0.39852911721773299       0.39342731009353388      /
  0.16182680785084236       0.33535498873338671       0.22262901541707561      -0.21243804795008950      -0.44813384656199529        7.5781386628408859E-002  0.58027000681683349      -0.58052202092630611      /
  0.13485567320903527       0.30593189184438452       0.31613483095796074        5.7940644834549512E-002 -0.33596776343224183      -0.44276132086728281       -5.5274937556267761E-003   9.5048949216089886E-003 /
  0.11559057703631595       0.27924337951654815       0.36691829998377534       0.29321541456763717        2.9151236035797133E-002 -0.33177777089925337      -0.61158338661369460       0.61334802588120441      /
  0.10114175490677647       0.25591832011651711       0.39287312945476699       0.48130455560862107       0.49654536088721674       0.42892898826943543       0.34804446036363218      -0.35109532491562162      /
 R
   1.2358891747054810       0.71923025711485489       0.52144193640826975       0.41301252643413638       0.34347331312786111       0.29469579608393104       0.25842322751842206       0.23031252469474778      /
   0.0000000000000000       0.14991853927063351       0.16651164110896691       0.16116095948364295       0.15115255587582893       0.14066188849250766       0.13084026301277105       0.12196622024679010      /
   0.0000000000000000        0.0000000000000000        1.1828419020862799E-002   1.9192339469639504E-002   2.3283323520566529E-002   2.5420889553496952E-002   2.6406467632293290E-002   2.6704868137164980E-002 /
   0.0000000000000000        0.0000000000000000        0.0000000000000000        7.3151748626238409E-004   1.5494731228026734E-003   2.2533261579359837E-003   2.8078937227913395E-003   3.2270248298694390E-003 /
   0.0000000000000000        0.0000000000000000        0.0000000000000000        0.0000000000000000        3.6191759829704018E-005   9.4142591408774567E-005   1.5920592084533308E-004   2.2279331230082994E-004 /
   0.0000000000000000        0.0000000000000000        0.0000000000000000        0.0000000000000000        0.0000000000000000        1.4130347372899438E-006   4.3392337985281859E-006   8.3533554025502776E-006 /
   0.0000000000000000        0.0000000000000000        0.0000000000000000        0.0000000000000000        0.0000000000000000        0.0000000000000000        4.1871890172306576E-008   1.5814639175194822E-006 /
   0.0000000000000000        0.0000000000000000        0.0000000000000000        0.0000000000000000        0.0000000000000000        0.0000000000000000        0.0000000000000000        1.4347231490378980E-006 /
 QTQ
   1.0000000000000002       -7.1470607210244452E-016   6.6543992538470320E-015  -1.3360146322582978E-013   3.1941671529978066E-012  -1.1154910328770029E-010   5.6319722635533864E-009  -5.8571166597354285E-009 /
  -7.1470607210244452E-016  0.99999999999999989        3.6526337510167650E-014  -5.0497106496294464E-013   5.9313387534842832E-012  -4.7434320360473237E-011  -1.9335716777701961E-009   2.0827954499980095E-009 /
   6.6543992538470320E-015   3.6526337510167650E-014   1.0000000000000002       -1.1827622214966027E-011   2.9064628481734189E-010  -5.5209964933133904E-009   1.0490877655477959E-007  -1.0620876156330894E-007 /
  -1.3360146322582978E-013  -5.0497106496294464E-013  -1.1827622214966027E-011  0.99999999999999978        1.0986352244612974E-008  -4.4104024016222709E-007   1.3794484339468838E-005  -1.4059007321265415E-005 /
   3.1941671529978066E-012   5.9313387534842832E-012   2.9064628481734189E-010   1.0986352244612974E-008   1.0000000000000000       -2.4005029756801743E-005   1.5293906798077295E-003  -1.5771876371403482E-003 /
  -1.1154910328770029E-010  -4.7434320360473237E-011  -5.5209964933133904E-009  -4.4104024016222709E-007  -2.4005029756801743E-005  0.99999999999999989       0.12516655404466062      -0.13312398779134618      /
   5.6319722635533864E-009  -1.9335716777701961E-009   1.0490877655477959E-007   1.3794484339468838E-005   1.5293906798077295E-003  0.12516655404466062       0.99999999999999978      -0.99996764435523333      /
  -5.8571166597354285E-009   2.0827954499980095E-009  -1.0620876156330894E-007  -1.4059007321265415E-005  -1.5771876371403482E-003 -0.13312398779134618      -0.99996764435523333        1.0000000000000000      /
 A = QR
   1.0000000000000000       0.50000000000000000       0.33333333333333331       0.24999999999999997       0.20000000000000004       0.16666666666666663       0.14285714285714282       0.12500000000000003      /
  0.50000000000000000       0.33333333333333331       0.25000000000000000       0.20000000000000001       0.16666666666666666       0.14285714285714285       0.12500000000000000       0.11111111111111110      /
  0.33333333333333326       0.25000000000000000       0.20000000000000001       0.16666666666666666       0.14285714285714282       0.12500000000000000       0.11111111111111110       0.10000000000000002      /
  0.25000000000000000       0.20000000000000001       0.16666666666666666       0.14285714285714285       0.12500000000000000       0.11111111111111112       0.10000000000000002        9.0909090909090912E-002 /
  0.20000000000000001       0.16666666666666666       0.14285714285714285       0.12500000000000000       0.11111111111111110        9.9999999999999992E-002   9.0909090909090898E-002   8.3333333333333329E-002 /
  0.16666666666666663       0.14285714285714285       0.12500000000000000       0.11111111111111110        9.9999999999999992E-002   9.0909090909090912E-002   8.3333333333333329E-002   7.6923076923076913E-002 /
  0.14285714285714285       0.12500000000000000       0.11111111111111110       0.10000000000000001        9.0909090909090898E-002   8.3333333333333329E-002   7.6923076923076927E-002   7.1428571428571425E-002 /
  0.12500000000000000       0.11111111111111110       0.10000000000000001        9.0909090909090912E-002   8.3333333333333343E-002   7.6923076923076927E-002   7.1428571428571411E-002   6.6666666666666652E-002 /
 Hilbert          10 x          10
 A
   1.0000000000000000       0.50000000000000000       0.33333333333333331       0.25000000000000000       0.20000000000000001       0.16666666666666666       0.14285714285714285       0.12500000000000000       0.11111111111111110       0.10000000000000001      /
  0.50000000000000000       0.33333333333333331       0.25000000000000000       0.20000000000000001       0.16666666666666666       0.14285714285714285       0.12500000000000000       0.11111111111111110       0.10000000000000001        9.0909090909090912E-002 /
  0.33333333333333331       0.25000000000000000       0.20000000000000001       0.16666666666666666       0.14285714285714285       0.12500000000000000       0.11111111111111110       0.10000000000000001        9.0909090909090912E-002   8.3333333333333329E-002 /
  0.25000000000000000       0.20000000000000001       0.16666666666666666       0.14285714285714285       0.12500000000000000       0.11111111111111110       0.10000000000000001        9.0909090909090912E-002   8.3333333333333329E-002   7.6923076923076927E-002 /
  0.20000000000000001       0.16666666666666666       0.14285714285714285       0.12500000000000000       0.11111111111111110       0.10000000000000001        9.0909090909090912E-002   8.3333333333333329E-002   7.6923076923076927E-002   7.1428571428571425E-002 /
  0.16666666666666666       0.14285714285714285       0.12500000000000000       0.11111111111111110       0.10000000000000001        9.0909090909090912E-002   8.3333333333333329E-002   7.6923076923076927E-002   7.1428571428571425E-002   6.6666666666666666E-002 /
  0.14285714285714285       0.12500000000000000       0.11111111111111110       0.10000000000000001        9.0909090909090912E-002   8.3333333333333329E-002   7.6923076923076927E-002   7.1428571428571425E-002   6.6666666666666666E-002   6.2500000000000000E-002 /
  0.12500000000000000       0.11111111111111110       0.10000000000000001        9.0909090909090912E-002   8.3333333333333329E-002   7.6923076923076927E-002   7.1428571428571425E-002   6.6666666666666666E-002   6.2500000000000000E-002   5.8823529411764705E-002 /
  0.11111111111111110       0.10000000000000001        9.0909090909090912E-002   8.3333333333333329E-002   7.6923076923076927E-002   7.1428571428571425E-002   6.6666666666666666E-002   6.2500000000000000E-002   5.8823529411764705E-002   5.5555555555555552E-002 /
  0.10000000000000001        9.0909090909090912E-002   8.3333333333333329E-002   7.6923076923076927E-002   7.1428571428571425E-002   6.6666666666666666E-002   6.2500000000000000E-002   5.8823529411764705E-002   5.5555555555555552E-002   5.2631578947368418E-002 /
 Q
  0.80327951722075808      -0.55033030875097422       0.21648104642533186       -6.8283143667589766E-002   1.8267531337970030E-002  -4.1889152603426186E-003   1.0239633286251528E-003   9.7948345635306229E-004   9.5089078414178582E-004   9.2112259922218318E-004 /
  0.40163975861037904       0.25441718080738790      -0.65767861473007483       0.51361999008262582      -0.25922167244368993        9.7685918111302214E-002  -3.3686241927282735E-002  -3.2629866213710036E-002  -3.1939771927471550E-002  -3.1213200130912069E-002 /
  0.26775983907358603       0.34613889893255045      -0.28085420792722238      -0.33993648732297893       0.59765979323244900      -0.44988949635663478       0.24285665636912221       0.23784968011534507       0.23447001306530701       0.23082516396169156      /
  0.20081987930518952       0.33904152447684416       -1.5850090731523880E-002 -0.44110143357026199        5.7402974556978771E-002  0.47106734335876238      -0.57240548548503301      -0.56651542026617119      -0.56202171801709944      -0.55676256449781902      /
  0.16065590344415162       0.31359980639610519       0.13839732385728784      -0.29741762707788588      -0.31508258349596469       0.30961233517177006       0.26966149247037302       0.27146264151688265       0.27146063093574219       0.27048579019549529      /
  0.13387991953679301       0.28655137843403417       0.22632468517204082      -0.10801526763368594      -0.38628658361334950      -0.12883580550500526       0.41623565514977734       0.41553434014726071       0.41537509199347206       0.41543384277893297      /
  0.11475421674582258       0.26182717136742345       0.27587888439591907        6.5812167120712528E-002 -0.26381165091158471      -0.37657790667820817       -6.7483907960206530E-003  -9.5888640268586081E-003  -1.0523403053957653E-002  -1.0727894034643144E-002 /
  0.10040993965259476       0.24013174026280534       0.30285698411561646       0.20940417365332262       -4.6071660758737809E-002 -0.32887765988953682      -0.37870417048376503      -0.38281695754528394      -0.38561034264602195      -0.38860832461510914      /
   8.9253279691195328E-002  0.22129610001409197       0.31624980474838804       0.32296912658262672       0.20562583844270255       -2.7459690692959979E-002 -0.30074173407376054      -0.30268686384817606      -0.30493119468958191      -0.30810635192011043      /
   8.0327951722075810E-002  0.20494375185104127       0.32131347890040129       0.41084021105345958       0.45769265045494939       0.45050081134714148       0.36381227573383712       0.36986657092519892       0.37432324956827034       0.37940900877385941      /
 R
   1.2448966748957686       0.73025410656432543       0.53247695270315409       0.42364100412866323       0.35359144582956703       0.30429394378954050       0.26752411144303295       0.23894959272813099       0.21605380611298927       0.19726731769641129      /
   0.0000000000000000       0.15735670885728600       0.17681600934831745       0.17268331780575819       0.16314003200847157       0.15273272658652523       0.14279079364707284       0.13368610920243490       0.12547211679736592       0.11809457638606070      /
   0.0000000000000000        0.0000000000000000        1.3454816944182536E-002   2.2148971443935406E-002   2.7185616157766442E-002   2.9969661647262745E-002   3.1386477200949683E-002   3.1963598403745241E-002   3.2018709097241478E-002   3.1747436384851682E-002 /
   0.0000000000000000        0.0000000000000000        0.0000000000000000        9.3888739136448467E-004   2.0215190637606593E-003   2.9800278970841254E-003   3.7563650446732037E-003   4.3598357475579802E-003   4.8174367004151994E-003   5.1574090969321584E-003 /
   0.0000000000000000        0.0000000000000000        0.0000000000000000        0.0000000000000000        5.4924148744674277E-005   1.4540811155031724E-004   2.4960262070868738E-004   3.5380896684973975E-004   4.5091234534752611E-004   5.3782369978741182E-004 /
   0.0000000000000000        0.0000000000000000        0.0000000000000000        0.0000000000000000        0.0000000000000000        2.6984724594135416E-006   8.4565752899168345E-006   1.6529979864933486E-005   2.5998951976517748E-005   3.6084487483649397E-005 /
   0.0000000000000000        0.0000000000000000        0.0000000000000000        0.0000000000000000        0.0000000000000000        0.0000000000000000        1.1034542242276441E-007  -8.0756565626338705E-007  -9.2032636644576171E-007  -8.9687597565682453E-007 /
   0.0000000000000000        0.0000000000000000        0.0000000000000000        0.0000000000000000        0.0000000000000000        0.0000000000000000        0.0000000000000000        1.2050344859917091E-006  -5.9359537421185826E-007  -4.5149635360258733E-007 /
   0.0000000000000000        0.0000000000000000        0.0000000000000000        0.0000000000000000        0.0000000000000000        0.0000000000000000        0.0000000000000000        0.0000000000000000        2.3843579536558782E-006  -1.5306568174403012E-007 /
   0.0000000000000000        0.0000000000000000        0.0000000000000000        0.0000000000000000        0.0000000000000000        0.0000000000000000        0.0000000000000000        0.0000000000000000        0.0000000000000000        3.0048913541209334E-006 /
 QTQ
   1.0000000000000000        1.1553258350005535E-015  -1.7454787615278633E-014   2.1446039388806071E-013  -2.9813720936466837E-012   4.8192387580581197E-011  -2.6216682297297567E-010  -3.4568982051896846E-010  -3.9986098807065495E-010  -4.2327799945618416E-010 /
   1.1553258350005535E-015   1.0000000000000000       -4.6934678366028493E-014   5.9219296133505850E-013  -6.0632471265975596E-012   6.4637892260854812E-011  -6.5396897619418581E-010  -6.9356838328094028E-010  -6.5877353572219022E-010  -6.1595724354379655E-010 /
  -1.7454787615278633E-014  -4.6934678366028493E-014   1.0000000000000004        1.6515677714323829E-011  -3.5632982675615210E-010   5.5828971168292441E-009  -8.1057551323815424E-008  -7.7363281322795352E-008  -7.3354922455748373E-008  -6.8176676637499156E-008 /
   2.1446039388806071E-013   5.9219296133505850E-013   1.6515677714323829E-011   1.0000000000000000       -1.1314207293278145E-008   3.6854075868841818E-007  -8.6351688907693180E-006  -8.0667247643051443E-006  -7.4925659769853326E-006  -6.7835230485313591E-006 /
  -2.9813720936466837E-012  -6.0632471265975596E-012  -3.5632982675615210E-010  -1.1314207293278145E-008   1.0000000000000000        1.7131545779008883E-005  -8.1133044638645457E-004  -7.2707137548408407E-004  -6.5273657444225863E-004  -5.6676217506707038E-004 /
   4.8192387580581197E-011   6.4637892260854812E-011   5.5828971168292441E-009   3.6854075868841818E-007   1.7131545779008883E-005  0.99999999999999989       -5.3086045828851236E-002  -4.2104309824032460E-002  -3.5039595426090198E-002  -2.7719388451566462E-002 /
  -2.6216682297297567E-010  -6.5396897619418581E-010  -8.1057551323815424E-008  -8.6351688907693180E-006  -8.1133044638645457E-004  -5.3086045828851236E-002   1.0000000000000000       0.99993498105304601       0.99981241526968190       0.99959583446952482      /
  -3.4568982051896846E-010  -6.9356838328094028E-010  -7.7363281322795352E-008  -8.0667247643051443E-006  -7.2707137548408407E-004  -4.2104309824032460E-002  0.99993498105304601        1.0000000000000000       0.99996715335503916       0.99984864849860511      /
  -3.9986098807065495E-010  -6.5877353572219022E-010  -7.3354922455748373E-008  -7.4925659769853326E-006  -6.5273657444225863E-004  -3.5039595426090198E-002  0.99981241526968190       0.99996715335503916        1.0000000000000000       0.99995629876892211      /
  -4.2327799945618416E-010  -6.1595724354379655E-010  -6.8176676637499156E-008  -6.7835230485313591E-006  -5.6676217506707038E-004  -2.7719388451566462E-002  0.99959583446952482       0.99984864849860511       0.99995629876892211       0.99999999999999978      /
 A = QR
   1.0000000000000000       0.50000000000000000       0.33333333333333331       0.25000000000000000       0.20000000000000001       0.16666666666666663       0.14285714285714285       0.12500000000000000       0.11111111111111110       0.10000000000000002      /
  0.50000000000000000       0.33333333333333331       0.25000000000000000       0.20000000000000001       0.16666666666666666       0.14285714285714285       0.12499999999999999       0.11111111111111109       0.10000000000000001        9.0909090909090912E-002 /
  0.33333333333333337       0.25000000000000000       0.20000000000000001       0.16666666666666663       0.14285714285714285       0.12499999999999999       0.11111111111111112        9.9999999999999992E-002   9.0909090909090925E-002   8.3333333333333315E-002 /
  0.25000000000000000       0.20000000000000001       0.16666666666666666       0.14285714285714282       0.12499999999999999       0.11111111111111110        9.9999999999999992E-002   9.0909090909090898E-002   8.3333333333333343E-002   7.6923076923076927E-002 /
  0.20000000000000001       0.16666666666666666       0.14285714285714285       0.12500000000000003       0.11111111111111110       0.10000000000000001        9.0909090909090925E-002   8.3333333333333315E-002   7.6923076923076927E-002   7.1428571428571438E-002 /
  0.16666666666666669       0.14285714285714285       0.12500000000000000       0.11111111111111110       0.10000000000000001        9.0909090909090898E-002   8.3333333333333343E-002   7.6923076923076927E-002   7.1428571428571438E-002   6.6666666666666693E-002 /
  0.14285714285714285       0.12500000000000000       0.11111111111111110       0.10000000000000001        9.0909090909090912E-002   8.3333333333333343E-002   7.6923076923076927E-002   7.1428571428571425E-002   6.6666666666666680E-002   6.2500000000000000E-002 /
  0.12500000000000000       0.11111111111111110       0.10000000000000001        9.0909090909090912E-002   8.3333333333333329E-002   7.6923076923076927E-002   7.1428571428571438E-002   6.6666666666666666E-002   6.2500000000000014E-002   5.8823529411764698E-002 /
  0.11111111111111109       0.10000000000000001        9.0909090909090912E-002   8.3333333333333315E-002   7.6923076923076927E-002   7.1428571428571425E-002   6.6666666666666652E-002   6.2500000000000000E-002   5.8823529411764705E-002   5.5555555555555546E-002 /
  0.10000000000000001        9.0909090909090912E-002   8.3333333333333343E-002   7.6923076923076927E-002   7.1428571428571425E-002   6.6666666666666666E-002   6.2499999999999993E-002   5.8823529411764698E-002   5.5555555555555546E-002   5.2631578947368411E-002 /

