 A (SPD)
 --------------
   10.290561793414101        6.5724881060241467        7.4476510400876235        7.7960824274986811        7.3354680663407690        6.6335168974088266        5.4211164002520587        7.9975429701973058        8.3206267982991449        7.6552471033623153        8.2319107641852263        7.1782183956141656        7.8191084817357845        8.1390966578967880        8.0719856166701973        7.7918575342328458        8.9514386011240603        8.1565588279319350        5.9954067254628045        8.2825580200425222        7.4767455537144674        7.5601643194048425        8.7897823405275108        7.2183262244545388        7.4986309823223589        7.6513558316507542        6.7302246531641012        8.3494263207895045        7.4756793759273936        7.6882394830929091     
   6.5724881060241467        9.6698268835714636        7.7520357134521980        7.8703608687263849        6.9568445352584769        7.3848594877429088        5.0873534827688838        8.4199577326842299        9.0971177937304102        6.8786650088347097        7.3667525446408089        8.1039305970733455        8.3126532763423953        8.2957071144354337        8.1499048476774121        7.7760783870604087        10.117524552764987        7.7488708400624891        6.3281696172464486        8.4130454205129510        7.2411817597409067        7.8307876367432447        8.0869192591909069        7.0980239109806398        7.3373650579424519        6.7386106286357155        7.0791037195884163        7.1599920914719641        6.9154275382049715        7.5188634644434673     
   7.4476510400876235        7.7520357134521980        10.369634834120554        8.9325760194806936        6.8529307934388921        7.5008533490377030        5.9226774801784012        8.3336116859620262        8.8362038449317897        8.2884942719273607        7.8117455119033101        8.2109642755141561        8.5164080331524161        7.8378190152632623        7.9248784459421877        8.3086072204614805        9.9617030997083997        8.2724473584169029        7.6534983738319582        8.4390377856770318        7.9872048276010927        8.8746526184236085        8.8717778054679872        7.4782149280734691        7.9716430414260344        7.5796388856127104        6.9307905041386961        8.3561963503392178        8.6892799243621539        8.7086766714379440     
   7.7960824274986811        7.8703608687263849        8.9325760194806936        11.828638272282671        7.0989747798126244        8.5325500752997527        6.4035960564788184        8.5628151303577305        9.7415936419335285        7.7483803469052415        8.4767887689044574        8.9970029511129219        8.2609832982174236        8.8142926238214230        8.5648822464227088        10.134504232376273        11.185399745870200        7.9394916707670804        6.9862891011803665        9.6212032324350734        8.9217010644697865        9.7055098064813929        9.5650744227441731        8.4920070456319365        8.2557909147521560        7.7778438909976702        7.5387182349311193        9.4672072241213101        8.8864706982194281        8.9284286663944581     
   7.3354680663407690        6.9568445352584769        6.8529307934388921        7.0989747798126244        8.7697489798027792        5.6055535721470786        4.8665963478939922        7.5576432276183452        7.6142793317862161        5.9467383739382607        6.3273365782049771        7.7747157144900294        7.5682931196578034        7.4113103164733438        6.9482431369049111        6.5418529513840520        8.3873589834785243        6.7283472964407052        5.8963689235444390        7.7035754827954275        6.8036850796733930        7.7560849945849464        8.5825044951928273        6.9902266726034838        6.4931716077517505        7.1155369181669439        6.4143654104993164        7.2370068976899908        6.5444309825643225        7.2556420259334091     
   6.6335168974088266        7.3848594877429088        7.5008533490377030        8.5325500752997527        5.6055535721470786        9.3227830170883159        5.5291733741276383        8.0159185610598840        8.4516061351786025        7.4226102562786735        7.7797076521051087        7.4755539085732075        7.9480503565767888        7.7589342543103017        7.8271375715930622        7.9023530996547571        10.127684216081160        7.6204848871706972        6.0719752968155518        8.3018335538834762        7.5105837305018479        9.3066875486759013        8.2689055542070342        7.7111761034495485        7.0292915033328001        6.4256457404906993        6.3286416943603374        7.7820909377924821        7.3559091935488370        7.2587762684663168     
   5.4211164002520587        5.0873534827688838        5.9226774801784012        6.4035960564788184        4.8665963478939922        5.5291733741276383        6.2954579712204053        6.4777545273289920        6.4022502292771204        4.9587057545193645        5.4743851132523940        5.6703342739867608        6.3011791677795896        6.1281164864791773        5.6681283940840617        6.3975081523888093        7.3030886580134649        5.6053434608478376        5.3877322217131880        5.7025641642124993        6.2438971826597287        5.9179791694132957        6.6366386002926010        5.4799741593138904        5.6251759338907146        5.4811485115365430        5.0948389359599231        5.6483560960672303        5.9741931111987014        6.5611871601397747     
   7.9975429701973058        8.4199577326842299        8.3336116859620262        8.5628151303577305        7.5576432276183452        8.0159185610598840        6.4777545273289920        10.894919452491786        9.5502313247286530        7.5831559652992171        8.4589285368517366        9.2887512221467823        8.9768875650832598        8.1996153778480405        8.4525836503113521        8.8891046176864403        11.139287727760816        8.4450071070958632        7.6291396868072621        9.1940387733517515        8.0547186105949269        8.9668954202557103        9.6213269740533480        8.5124775259394063        8.0700895953634308        7.5720091783455992        7.5069140677542778        8.2238575006972248        8.0585688952455872        8.5386034342775474     
   8.3206267982991449        9.0971177937304102        8.8362038449317897        9.7415936419335285        7.6142793317862161        8.4516061351786025        6.4022502292771204        9.5502313247286530        12.126242487274412        7.8230681883740232        9.5619672017047836        9.4223984437344619        9.7377200812228253        9.4283637596309227        9.9163573713435280        9.3945904538901974        11.567100283430786        9.0634780843137026        7.8017705108287707        9.5501994314573224        8.5714460426338235        9.2191323158025842        9.8214790317836034        9.3259040285427481        9.3566970543700769        8.5014752789005179        7.9924632609640041        8.7840010327192477        8.3691771900526977        8.8509684957131896     
   7.6552471033623153        6.8786650088347097        8.2884942719273607        7.7483803469052415        5.9467383739382607        7.4226102562786735        4.9587057545193645        7.5831559652992171        7.8230681883740232        9.4284204899747834        7.4661330053973085        6.7967961292737131        8.6689285262958844        7.4260227072280962        7.5593368450354541        7.9944382571749131        9.3920905109464403        7.3097754062164775        6.4122561999737817        7.6395660946128938        6.4916550642765722        8.1295838867304440        7.6497225287606074        6.7971743908590812        6.8378313530781227        7.4915340452836467        5.3458115073355987        8.9818951681003423        7.4643450736399446        7.0603061253920414     
   8.2319107641852263        7.3667525446408089        7.8117455119033101        8.4767887689044574        6.3273365782049771        7.7797076521051087        5.4743851132523940        8.4589285368517366        9.5619672017047836        7.4661330053973085        10.157061854097861        8.2646027499435828        8.2506828032633130        8.6225050360596569        8.8560663039139271        7.9196952668811589        10.091772358725457        8.1005555329725603        6.1598940063652625        8.7997655705974491        7.8554033692882559        8.0607152345151984        8.1123941749072088        7.5488690614022884        7.9909555444884521        7.5716310217171392        6.8312705942117375        8.3235231899719064        7.1767003905485183        7.6680100207509696     
   7.1782183956141656        8.1039305970733455        8.2109642755141561        8.9970029511129219        7.7747157144900294        7.4755539085732075        5.6703342739867608        9.2887512221467823        9.4223984437344619        6.7967961292737131        8.2646027499435828        10.241364848948637        8.2778102278050341        8.0906718615362436        8.1402562205240638        8.2766247696724768        10.181587178132254        8.1411681309300441        7.1657651390885881        9.0975646129303662        7.7622339592153038        9.6057052108129728        9.9548545243181916        8.0927866655301894        7.8714111161757323        7.0631137869722851        7.1758309355243490        7.9795988439943510        7.5753126552864769        8.1430712684222044     
   7.8191084817357845        8.3126532763423953        8.5164080331524161        8.2609832982174236        7.5682931196578034        7.9480503565767888        6.3011791677795896        8.9768875650832598        9.7377200812228253        8.6689285262958844        8.2506828032633130        8.2778102278050341        11.722764140718088        9.2433084654599043        8.1652601645900411        8.0048477079641103        9.9778398560908421        8.3217015418640123        7.6971162818615415        8.6796498872758612        7.4928863983715015        9.5002346421280368        9.3067228138882001        8.9028461217420514        7.3038139159098368        8.0600527490323444        6.7533460824935050        8.5679056168827579        7.4707343409018323        7.8565773476632383     
   8.1390966578967880        8.2957071144354337        7.8378190152632623        8.8142926238214230        7.4113103164733438        7.7589342543103017        6.1281164864791773        8.1996153778480405        9.4283637596309227        7.4260227072280962        8.6225050360596569        8.0906718615362436        9.2433084654599043        10.398393189125352        8.5264538685407381        8.2524072286526700        10.150679736464717        7.9204920822712470        6.4387151746806710        9.0676428596306717        8.0634720014754890        8.5397684315643883        8.6025033552339565        8.6622052593714649        7.8576344070505630        7.5345078416875513        7.4858775377612030        8.5895033583415739        7.3034758250038294        7.5133633099765023     
   8.0719856166701973        8.1499048476774121        7.9248784459421877        8.5648822464227088        6.9482431369049111        7.8271375715930622        5.6681283940840617        8.4525836503113521        9.9163573713435280        7.5593368450354541        8.8560663039139271        8.1402562205240638        8.1652601645900411        8.5264538685407381        11.426134018601608        8.7177261971786901        10.715244396950675        7.8832064922794629        7.0117313679966031        9.1868913305304982        7.2530901091829216        7.9412899529763106        8.2261028649156636        8.4070639280941695        8.3585463404361633        7.8620612479873708        6.8901265408352410        8.5152230293006390        8.2968928564582587        8.1072143277812163     
   7.7918575342328458        7.7760783870604087        8.3086072204614805        10.134504232376273        6.5418529513840520        7.9023530996547571        6.3975081523888093        8.8891046176864403        9.3945904538901974        7.9944382571749131        7.9196952668811589        8.2766247696724768        8.0048477079641103        8.2524072286526700        8.7177261971786901        11.567667304865633        11.232632247814820        7.7104346066047915        6.8125373647082723        9.0234115013326335        8.5458567067516675        8.9063197727145393        9.0341193194410607        7.8521724507890900        8.2576388847911826        7.5185332464903265        7.0828002338461813        9.5366148516498672        8.2582086780899555        8.6660349891227710     
   8.9514386011240603        10.117524552764987        9.9617030997083997        11.185399745870200        8.3873589834785243        10.127684216081160        7.3030886580134649        11.139287727760816        11.567100283430786        9.3920905109464403        10.091772358725457        10.181587178132254        9.9778398560908421        10.150679736464717        10.715244396950675        11.232632247814820        14.251373823459387        9.1549328434646373        8.9278417837338520        11.247189764186443        9.9052195845570594        10.785338406110377        10.429729415907229        9.8763188345060353        9.4820901097522956        9.2369760334137574        8.4514620285753317        10.524373466144874        9.5755565524881341        10.054265163510994     
   8.1565588279319350        7.7488708400624891        8.2724473584169029        7.9394916707670804        6.7283472964407052        7.6204848871706972        5.6053434608478376        8.4450071070958632        9.0634780843137026        7.3097754062164775        8.1005555329725603        8.1411681309300441        8.3217015418640123        7.9204920822712470        7.8832064922794629        7.7104346066047915        9.1549328434646373        10.930740077804561        6.3827393102603773        8.2174838411693898        7.5676424326304375        8.2296390455330428        9.0758918329781650        7.9117857844161374        8.7029852143792521        7.6635483187742199        7.0576152872359454        8.2164988461262816        8.0566603383822120        8.9125963331953013     
   5.9954067254628045        6.3281696172464486        7.6534983738319582        6.9862891011803665        5.8963689235444390        6.0719752968155518        5.3877322217131880        7.6291396868072621        7.8017705108287707        6.4122561999737817        6.1598940063652625        7.1657651390885881        7.6971162818615415        6.4387151746806710        7.0117313679966031        6.8125373647082723        8.9278417837338520        6.3827393102603773        8.7067634399397615        7.4830533190890858        6.6871336872832021        7.6797492691680027        8.0733197196671718        7.4034885090332603        6.8259938023358551        6.9210120025413504        5.4997304388665214        6.7169769458838964        6.3835802685653480        7.1950823656600198     
   8.2825580200425222        8.4130454205129510        8.4390377856770318        9.6212032324350734        7.7035754827954275        8.3018335538834762        5.7025641642124993        9.1940387733517515        9.5501994314573224        7.6395660946128938        8.7997655705974491        9.0975646129303662        8.6796498872758612        9.0676428596306717        9.1868913305304982        9.0234115013326335        11.247189764186443        8.2174838411693898        7.4830533190890858        11.061381296049706        8.6113001822482484        9.5796532178542417        9.7389214755563778        8.4706055354285503        8.1715877949477917        8.0250059835244389        7.5102620508587670        9.0754383395340312        7.5626849950083708        8.5168866138610060     
   7.4767455537144674        7.2411817597409067        7.9872048276010927        8.9217010644697865        6.8036850796733930        7.5105837305018479        6.2438971826597287        8.0547186105949269        8.5714460426338235        6.4916550642765722        7.8554033692882559        7.7622339592153038        7.4928863983715015        8.0634720014754890        7.2530901091829216        8.5458567067516675        9.9052195845570594        7.5676424326304375        6.6871336872832021        8.6113001822482484        9.8474286840550516        8.7110917395214162        9.0325632363846289        7.7361685858695903        7.5795634265086012        7.1970019604049744        7.3828596433136928        8.1917885563589845        7.2280307121875085        8.1860921429497804     
   7.5601643194048425        7.8307876367432447        8.8746526184236085        9.7055098064813929        7.7560849945849464        9.3066875486759013        5.9179791694132957        8.9668954202557103        9.2191323158025842        8.1295838867304440        8.0607152345151984        9.6057052108129728        9.5002346421280368        8.5397684315643883        7.9412899529763106        8.9063197727145393        10.785338406110377        8.2296390455330428        7.6797492691680027        9.5796532178542417        8.7110917395214162        12.430605783684587        11.069589481680509        9.0747647905940969        7.5197044383480076        7.4463745989909480        6.9659750183090532        8.9192874154175463        7.6636567787842251        8.3088477209547928     
   8.7897823405275108        8.0869192591909069        8.8717778054679872        9.5650744227441731        8.5825044951928273        8.2689055542070342        6.6366386002926010        9.6213269740533480        9.8214790317836034        7.6497225287606074        8.1123941749072088        9.9548545243181916        9.3067228138882001        8.6025033552339565        8.2261028649156636        9.0341193194410607        10.429729415907229        9.0758918329781650        8.0733197196671718        9.7389214755563778        9.0325632363846289        11.069589481680509        12.431201337868224        8.3244420320748649        9.0871679645801162        8.0530423266093596        7.8936138300459922        8.3996137183565232        8.4534233629700228        8.8046552585959237     
   7.2183262244545388        7.0980239109806398        7.4782149280734691        8.4920070456319365        6.9902266726034838        7.7111761034495485        5.4799741593138904        8.5124775259394063        9.3259040285427481        6.7971743908590812        7.5488690614022884        8.0927866655301894        8.9028461217420514        8.6622052593714649        8.4070639280941695        7.8521724507890900        9.8763188345060353        7.9117857844161374        7.4034885090332603        8.4706055354285503        7.7361685858695903        9.0747647905940969        8.3244420320748649        10.406174273906426        7.2976630981079182        7.0892507591594169        6.7422581126451862        8.5348443398863196        7.1849604511821044        7.5059137908475995     
   7.4986309823223589        7.3373650579424519        7.9716430414260344        8.2557909147521560        6.4931716077517505        7.0292915033328001        5.6251759338907146        8.0700895953634308        9.3566970543700769        6.8378313530781227        7.9909555444884521        7.8714111161757323        7.3038139159098368        7.8576344070505630        8.3585463404361633        8.2576388847911826        9.4820901097522956        8.7029852143792521        6.8259938023358551        8.1715877949477917        7.5795634265086012        7.5197044383480076        9.0871679645801162        7.2976630981079182        9.3820436533455638        7.5183308469406613        7.0431784692766666        7.9351453191529711        7.9757340685408682        8.2331757498701208     
   7.6513558316507542        6.7386106286357155        7.5796388856127104        7.7778438909976702        7.1155369181669439        6.4256457404906993        5.4811485115365430        7.5720091783455992        8.5014752789005179        7.4915340452836467        7.5716310217171392        7.0631137869722851        8.0600527490323444        7.5345078416875513        7.8620612479873708        7.5185332464903265        9.2369760334137574        7.6635483187742199        6.9210120025413504        8.0250059835244389        7.1970019604049744        7.4463745989909480        8.0530423266093596        7.0892507591594169        7.5183308469406613        9.1189929911823295        6.2943980290073540        8.4787352011113484        7.3258505437632833        8.1039933499547789     
   6.7302246531641012        7.0791037195884163        6.9307905041386961        7.5387182349311193        6.4143654104993164        6.3286416943603374        5.0948389359599231        7.5069140677542778        7.9924632609640041        5.3458115073355987        6.8312705942117375        7.1758309355243490        6.7533460824935050        7.4858775377612030        6.8901265408352410        7.0828002338461813        8.4514620285753317        7.0576152872359454        5.4997304388665214        7.5102620508587670        7.3828596433136928        6.9659750183090532        7.8936138300459922        6.7422581126451862        7.0431784692766666        6.2943980290073540        7.4821351585110669        6.3405523222986861        7.1696200492969577        7.2428828493658335     
   8.3494263207895045        7.1599920914719641        8.3561963503392178        9.4672072241213101        7.2370068976899908        7.7820909377924821        5.6483560960672303        8.2238575006972248        8.7840010327192477        8.9818951681003423        8.3235231899719064        7.9795988439943510        8.5679056168827579        8.5895033583415739        8.5152230293006390        9.5366148516498672        10.524373466144874        8.2164988461262816        6.7169769458838964        9.0754383395340312        8.1917885563589845        8.9192874154175463        8.3996137183565232        8.5348443398863196        7.9351453191529711        8.4787352011113484        6.3405523222986861        10.775762043464605        7.9355072811063359        8.6466614281913774     
   7.4756793759273936        6.9154275382049715        8.6892799243621539        8.8864706982194281        6.5444309825643225        7.3559091935488370        5.9741931111987014        8.0585688952455872        8.3691771900526977        7.4643450736399446        7.1767003905485183        7.5753126552864769        7.4707343409018323        7.3034758250038294        8.2968928564582587        8.2582086780899555        9.5755565524881341        8.0566603383822120        6.3835802685653480        7.5626849950083708        7.2280307121875085        7.6636567787842251        8.4534233629700228        7.1849604511821044        7.9757340685408682        7.3258505437632833        7.1696200492969577        7.9355072811063359        9.9232382940912345        8.4213216358545413     
   7.6882394830929091        7.5188634644434673        8.7086766714379440        8.9284286663944581        7.2556420259334091        7.2587762684663168        6.5611871601397747        8.5386034342775474        8.8509684957131896        7.0603061253920414        7.6680100207509696        8.1430712684222044        7.8565773476632383        7.5133633099765023        8.1072143277812163        8.6660349891227710        10.054265163510994        8.9125963331953013        7.1950823656600198        8.5168866138610060        8.1860921429497804        8.3088477209547928        8.8046552585959237        7.5059137908475995        8.2331757498701208        8.1039933499547789        7.2428828493658335        8.6466614281913774        8.4213216358545413        10.404250706411029     
 Eigenvalues (to prove this is an SPD matrix)
 --------------
   1.6968700163274870E-005   3.1109053165474976E-003   2.8100772302334005E-002   3.7429846552751382E-002  0.11784123394399258       0.29301936573329723       0.43293358399999426       0.45775986701169208       0.57507995544991974       0.68934035988239939       0.77484268147201651        1.0302963712067954        1.3310558762128131        1.4129385243684016        1.5827951000067999        2.0342774277939273        2.1542199579740768        2.5681099416762039        2.7468648748241082        2.9307156662470137        3.1231776095925281        3.5966726277742227        3.7984585887383440        4.3587996941144382        5.0744368043770507        6.3111693373572670        6.7322299287570972        6.8376919094549438        7.6030246364010248        243.02530068412983     
